Python
lado de cima
[7 ; 8]
[7 ; 9]
lado  direito
Lado de baixo
[9 ; 8]
[9 ; 7]
 lado esquerdo
[8 ; 7]
[7 ; 7]
JavaScript
lado de cima
[6 ; 7]
[6 ; 8]
[6 ; 9]
[6 ; 10]
lado  direito
[7 ; 10]
[8 ; 10]
[9 ; 10]
[10 ; 10]
Lado de baixo
[10 ; 9]
[10 ; 8]
[10 ; 7]
[10 ; 6]
 lado esquerdo
[9 ; 6]
[8 ; 6]
[7 ; 6]
[6 ; 6]
Ruby
lado de cima
[5 ; 6]
[5 ; 7]
[5 ; 8]
[5 ; 9]
[5 ; 10]
[5 ; 11]
lado  direito
[6 ; 11]
[7 ; 11]
[8 ; 11]
[9 ; 11]
[10 ; 11]
[11 ; 11]
Lado de baixo
[11 ; 10]
[11 ; 9]
[11 ; 8]
[11 ; 7]
[11 ; 6]
[11 ; 5]
 lado esquerdo
[10 ; 5]
[9 ; 5]
[8 ; 5]
[7 ; 5]
[6 ; 5]
[5 ; 5]
PHP
lado de cima
[4 ; 5]
[4 ; 6]
[4 ; 7]
[4 ; 8]
[4 ; 9]
[4 ; 10]
[4 ; 11]
[4 ; 12]
lado  direito
[5 ; 12]
[6 ; 12]
[7 ; 12]
[8 ; 12]
[9 ; 12]
[10 ; 12]
[11 ; 12]
[12 ; 12]
Lado de baixo
[12 ; 11]
[12 ; 10]
[12 ; 9]
[12 ; 8]
[12 ; 7]
[12 ; 6]
[12 ; 5]
[12 ; 4]
 lado esquerdo
[11 ; 4]
[10 ; 4]
[9 ; 4]
[8 ; 4]
[7 ; 4]
[6 ; 4]
[5 ; 4]
[4 ; 4]
C_sharp
lado de cima
[3 ; 4]
[3 ; 5]
[3 ; 6]
[3 ; 7]
[3 ; 8]
[3 ; 9]
[3 ; 10]
[3 ; 11]
[3 ; 12]
[3 ; 13]
lado  direito
[4 ; 13]
[5 ; 13]
[6 ; 13]
[7 ; 13]
[8 ; 13]
[9 ; 13]
[10 ; 13]
[11 ; 13]
[12 ; 13]
[13 ; 13]
Lado de baixo
[13 ; 12]
[13 ; 11]
[13 ; 10]
[13 ; 9]
[13 ; 8]
[13 ; 7]
[13 ; 6]
[13 ; 5]
[13 ; 4]
[13 ; 3]
 lado esquerdo
[12 ; 3]
[11 ; 3]
[10 ; 3]
[9 ; 3]
[8 ; 3]
[7 ; 3]
[6 ; 3]
[5 ; 3]
[4 ; 3]
[3 ; 3]
CPP
lado de cima
[2 ; 3]
[2 ; 4]
[2 ; 5]
[2 ; 6]
[2 ; 7]
[2 ; 8]
[2 ; 9]
[2 ; 10]
[2 ; 11]
[2 ; 12]
[2 ; 13]
[2 ; 14]
lado  direito
[3 ; 14]
[4 ; 14]
[5 ; 14]
[6 ; 14]
[7 ; 14]
[8 ; 14]
[9 ; 14]
[10 ; 14]
[11 ; 14]
[12 ; 14]
[13 ; 14]
[14 ; 14]
Lado de baixo
[14 ; 13]
[14 ; 12]
[14 ; 11]
[14 ; 10]
[14 ; 9]
[14 ; 8]
[14 ; 7]
[14 ; 6]
[14 ; 5]
[14 ; 4]
[14 ; 3]
[14 ; 2]
 lado esquerdo
[13 ; 2]
[12 ; 2]
[11 ; 2]
[10 ; 2]
[9 ; 2]
[8 ; 2]
[7 ; 2]
[6 ; 2]
[5 ; 2]
[4 ; 2]
[3 ; 2]
[2 ; 2]
C
lado de cima
[1 ; 2]
[1 ; 3]
[1 ; 4]
[1 ; 5]
[1 ; 6]
[1 ; 7]
[1 ; 8]
[1 ; 9]
[1 ; 10]
[1 ; 11]
[1 ; 12]
[1 ; 13]
[1 ; 14]
[1 ; 15]
lado  direito
[2 ; 15]
[3 ; 15]
[4 ; 15]
[5 ; 15]
[6 ; 15]
[7 ; 15]
[8 ; 15]
[9 ; 15]
[10 ; 15]
[11 ; 15]
[12 ; 15]
[13 ; 15]
[14 ; 15]
[15 ; 15]
Lado de baixo
[15 ; 14]
[15 ; 13]
[15 ; 12]
[15 ; 11]
[15 ; 10]
[15 ; 9]
[15 ; 8]
[15 ; 7]
[15 ; 6]
[15 ; 5]
[15 ; 4]
[15 ; 3]
[15 ; 2]
[15 ; 1]
 lado esquerdo
[14 ; 1]
[13 ; 1]
[12 ; 1]
[11 ; 1]
[10 ; 1]
[9 ; 1]
[8 ; 1]
[7 ; 1]
[6 ; 1]
[5 ; 1]
[4 ; 1]
[3 ; 1]
[2 ; 1]
[1 ; 1]

